#Layer_Color=15138737
#
#Feature symbol names
#
$0 r3.937
$1 r10

#
#Feature attribute names
#

#
#Layer features
#
A 1.7881095 2.1365347 1.7881095 1.9534639 1.7881095 2.0449993 0 P 0 N
A 1.7949961 2.1178307 1.7949961 1.9721615 1.7949961 2.0449961 0 P 0 N
A 1.8324073 2.0449993 1.8324073 2.0449993 1.8239427 2.0449993 0 P 0 N
A 1.8424803 2.4201969 1.8424803 2.4201969 1.8227953 2.4201969 0 P 0 N
A 2.0245269 2.0449993 2.0245269 2.0449993 2.0160623 2.0449993 0 P 0 N
A 2.0449961 1.9721615 2.0449961 2.1178307 2.0449961 2.0449961 0 P 0 N
A 2.0518891 1.9534639 2.0518891 2.1365347 2.0518891 2.0449993 0 P 0 N
L 1.415 1.4 1.415 3 0 P 0
L 1.415 1.4 1.66 1.4 0 P 0
L 1.415 3 1.66 3 0 P 0
L 1.5064567 1.2566929 1.5064567 1.3433071 0 P 0
L 1.5064567 1.2566929 1.5635433 1.2566929 0 P 0
L 1.5064567 1.3433071 1.5635433 1.3433071 0 P 0
L 1.5635433 1.2566929 1.5635433 1.3433071 0 P 0
L 1.66 1.4 1.66 3 0 P 0
L 1.7116929 1.7864567 1.7116929 1.8435433 0 P 0
L 1.7116929 1.7864567 1.7983071 1.7864567 0 P 0
L 1.7116929 1.8435433 1.7983071 1.8435433 0 P 0
L 1.7216929 1.3664567 1.7216929 1.4235433 0 P 0
L 1.7216929 1.3664567 1.8083071 1.3664567 0 P 0
L 1.7216929 1.4235433 1.8083071 1.4235433 0 P 0
L 1.7873622 2.3847638 1.7873622 2.6052363 0 P 0
L 1.7873622 2.3847638 2.0826378 2.3847638 0 P 0
L 1.7873622 2.6052363 2.0826378 2.6052363 0 P 0
L 1.7881095 1.9534639 2.0518891 1.9534639 0 P 0
L 1.7881095 2.1365347 2.0518891 2.1365347 0 P 0
L 1.7916929 2.7564567 1.7916929 2.8135433 0 P 0
L 1.7916929 2.7564567 1.8783071 2.7564567 0 P 0
L 1.7916929 2.8135433 1.8783071 2.8135433 0 P 0
L 1.7916929 2.8364567 1.7916929 2.8935433 0 P 0
L 1.7916929 2.8364567 1.8783071 2.8364567 0 P 0
L 1.7916929 2.8935433 1.8783071 2.8935433 0 P 0
L 1.7949961 1.9721615 2.0449961 1.9721615 0 P 0
L 1.7949961 2.1178307 2.0449961 2.1178307 0 P 0
L 1.7983071 1.7864567 1.7983071 1.8435433 0 P 0
L 1.8083071 1.3664567 1.8083071 1.4235433 0 P 0
L 1.8783071 2.7564567 1.8783071 2.8135433 0 P 0
L 1.8783071 2.8364567 1.8783071 2.8935433 0 P 0
L 1.9166929 2.7564567 1.9166929 2.8135433 0 P 0
L 1.9166929 2.7564567 2.0033071 2.7564567 0 P 0
L 1.9166929 2.8135433 2.0033071 2.8135433 0 P 0
L 1.9166929 2.8364567 1.9166929 2.8935433 0 P 0
L 1.9166929 2.8364567 2.0033071 2.8364567 0 P 0
L 1.9166929 2.8935433 2.0033071 2.8935433 0 P 0
L 1.9385113 1.3935057 1.9385113 1.7005905 1 P 0
L 1.9385113 1.3935057 2.1743385 1.3935057 1 P 0
L 1.9385113 1.7005905 2.1743385 1.7005905 1 P 0
L 1.9566929 1.8214567 1.9566929 1.8785433 0 P 0
L 1.9566929 1.8214567 2.0433071 1.8214567 0 P 0
L 1.9566929 1.8785433 2.0433071 1.8785433 0 P 0
L 2.0033071 2.7564567 2.0033071 2.8135433 0 P 0
L 2.0033071 2.8364567 2.0033071 2.8935433 0 P 0
L 2.0433071 1.8214567 2.0433071 1.8785433 0 P 0
L 2.0826378 2.3847638 2.0826378 2.6052363 0 P 0
L 2.1116929 2.4164567 2.1116929 2.4735433 0 P 0
L 2.1116929 2.4164567 2.1983071 2.4164567 0 P 0
L 2.1116929 2.4735433 2.1983071 2.4735433 0 P 0
L 2.1116929 2.49979 2.1116929 2.5568766 0 P 0
L 2.1116929 2.49979 2.1983071 2.49979 0 P 0
L 2.1116929 2.5568766 2.1983071 2.5568766 0 P 0
L 2.1116929 2.5831233 2.1116929 2.6402099 0 P 0
L 2.1116929 2.5831233 2.1983071 2.5831233 0 P 0
L 2.1116929 2.6402099 2.1983071 2.6402099 0 P 0
L 2.1116929 2.6764567 2.1116929 2.7335433 0 P 0
L 2.1116929 2.6764567 2.1983071 2.6764567 0 P 0
L 2.1116929 2.7335433 2.1983071 2.7335433 0 P 0
L 2.1743385 1.3935057 2.1743385 1.7005905 1 P 0
L 2.1983071 2.4164567 2.1983071 2.4735433 0 P 0
L 2.1983071 2.49979 2.1983071 2.5568766 0 P 0
L 2.1983071 2.5831233 2.1983071 2.6402099 0 P 0
L 2.1983071 2.6764567 2.1983071 2.7335433 0 P 0
