#Layer_Color=15314666
#
#Feature symbol names
#
$0 r3.937
$1 r1.9685
$2 r10

#
#Feature attribute names
#

#
#Layer features
#
L 1.405 1.3986614 1.405 3 1 P 0
L 1.405 1.3986614 1.504375 1.3986614 1 P 0
L 1.405 3 1.67 3 1 P 0
L 1.5015354 1.2468504 1.5015354 1.3531496 1 P 0
L 1.5015354 1.2468504 1.5684646 1.2468504 1 P 0
L 1.5015354 1.3531496 1.5684646 1.3531496 1 P 0
L 1.504375 1.3986614 1.570625 1.3986614 1 P 0
L 1.515315 1.3 1.554685 1.3 0 P 0
L 1.535 1.280315 1.535 1.3196851 0 P 0
L 1.5684646 1.2468504 1.5684646 1.3531496 1 P 0
L 1.570625 1.3986614 1.67 1.3986614 1 P 0
L 1.67 1.3986614 1.67 3 1 P 0
L 1.7018504 1.7815354 1.7018504 1.8484646 1 P 0
L 1.7018504 1.7815354 1.8081496 1.7815354 1 P 0
L 1.7018504 1.8484646 1.8081496 1.8484646 1 P 0
L 1.7118504 1.3615354 1.7118504 1.4284646 1 P 0
L 1.7118504 1.3615354 1.8181496 1.3615354 1 P 0
L 1.7118504 1.4284646 1.8181496 1.4284646 1 P 0
L 1.7353149 1.815 1.774685 1.815 0 P 0
L 1.745315 1.395 1.7846851 1.395 0 P 0
L 1.755 1.795315 1.755 1.834685 0 P 0
L 1.765 1.375315 1.765 1.414685 0 P 0
L 1.7818504 2.7515354 1.7818504 2.8184646 1 P 0
L 1.7818504 2.7515354 1.8881496 2.7515354 1 P 0
L 1.7818504 2.8184646 1.8881496 2.8184646 1 P 0
L 1.7818504 2.8315354 1.7818504 2.8984646 1 P 0
L 1.7818504 2.8315354 1.8881496 2.8315354 1 P 0
L 1.7818504 2.8984646 1.8881496 2.8984646 1 P 0
L 1.7834252 2.3217717 1.7834252 2.6682284 1 P 0
L 1.7834252 2.3217717 2.0865748 2.3217717 1 P 0
L 1.7834252 2.6682284 2.0865748 2.6682284 1 P 0
L 1.8081496 1.7815354 1.8081496 1.8484646 1 P 0
L 1.815315 2.785 1.8546851 2.785 0 P 0
L 1.815315 2.865 1.8546851 2.865 0 P 0
L 1.8181496 1.3615354 1.8181496 1.4284646 1 P 0
L 1.8244803 0.998189 1.8244803 1.051252 0 P 0
L 1.8244803 0.998189 2.1866851 0.998189 0 P 0
L 1.8244803 1.051252 1.8244803 1.1614882 0 P 0
L 1.8244803 1.1614882 1.8244803 1.2285039 0 P 0
L 1.8244803 1.2285039 2.1866851 1.2285039 0 P 0
L 1.835 2.765315 1.835 2.804685 0 P 0
L 1.835 2.845315 1.835 2.884685 0 P 0
L 1.8881496 2.7515354 1.8881496 2.8184646 1 P 0
L 1.8881496 2.8315354 1.8881496 2.8984646 1 P 0
L 1.900315 2.045 1.939685 2.045 0 P 0
L 1.9068504 2.7515354 1.9068504 2.8184646 1 P 0
L 1.9068504 2.7515354 2.0131496 2.7515354 1 P 0
L 1.9068504 2.8184646 2.0131496 2.8184646 1 P 0
L 1.9068504 2.8315354 1.9068504 2.8984646 1 P 0
L 1.9068504 2.8315354 2.0131496 2.8315354 1 P 0
L 1.9068504 2.8984646 2.0131496 2.8984646 1 P 0
L 1.9087795 1.3639766 1.9087795 1.7340551 2 P 0
L 1.9087795 1.3639766 2.2030709 1.3639766 2 P 0
L 1.9087795 1.7340551 2.2040551 1.7340551 2 P 0
L 1.9153149 2.4950001 1.954685 2.4950001 0 P 0
L 1.92 2.025315 1.92 2.064685 0 P 0
L 1.935 2.475315 1.935 2.5146851 0 P 0
L 1.9403149 2.785 1.979685 2.785 0 P 0
L 1.9403149 2.865 1.979685 2.865 0 P 0
L 1.9468504 1.8165354 1.9468504 1.8834646 1 P 0
L 1.9468504 1.8165354 2.0531496 1.8165354 1 P 0
L 1.9468504 1.8834646 2.0531496 1.8834646 1 P 0
L 1.96 2.765315 1.96 2.804685 0 P 0
L 1.96 2.845315 1.96 2.884685 0 P 0
L 1.980315 1.85 2.0196851 1.85 0 P 0
L 1.9955827 1.1614882 2.0155827 1.1614882 0 P 0
L 2 1.830315 2 1.869685 0 P 0
L 2.0055827 1.1514882 2.0055827 1.1714882 0 P 0
L 2.0131496 2.7515354 2.0131496 2.8184646 1 P 0
L 2.0131496 2.8315354 2.0131496 2.8984646 1 P 0
L 2.0367322 1.5490157 2.0767322 1.5490157 2 P 0
L 2.0531496 1.8165354 2.0531496 1.8834646 1 P 0
L 2.0564174 1.5293308 2.0564174 1.5687008 2 P 0
L 2.0865748 2.3217717 2.0865748 2.6682284 1 P 0
L 2.1018504 2.4115354 2.1018504 2.4784646 1 P 0
L 2.1018504 2.4115354 2.2081496 2.4115354 1 P 0
L 2.1018504 2.4784646 2.2081496 2.4784646 1 P 0
L 2.1018504 2.4948687 2.1018504 2.5617979 1 P 0
L 2.1018504 2.4948687 2.2081496 2.4948687 1 P 0
L 2.1018504 2.5617979 2.2081496 2.5617979 1 P 0
L 2.1018504 2.578202 2.1018504 2.6451312 1 P 0
L 2.1018504 2.578202 2.2081496 2.578202 1 P 0
L 2.1018504 2.6451312 2.2081496 2.6451312 1 P 0
L 2.1018504 2.6715354 2.1018504 2.7384646 1 P 0
L 2.1018504 2.6715354 2.2081496 2.6715354 1 P 0
L 2.1018504 2.7384646 2.2081496 2.7384646 1 P 0
L 2.135315 2.445 2.1746851 2.445 0 P 0
L 2.135315 2.5283333 2.1746851 2.5283333 0 P 0
L 2.135315 2.6116666 2.1746851 2.6116666 0 P 0
L 2.135315 2.705 2.1746851 2.705 0 P 0
L 2.155 2.425315 2.155 2.464685 0 P 0
L 2.155 2.5086483 2.155 2.5480183 0 P 0
L 2.155 2.5919816 2.155 2.6313516 0 P 0
L 2.155 2.685315 2.155 2.724685 0 P 0
L 2.1866851 0.998189 2.1866851 1.051252 0 P 0
L 2.1866851 1.051252 2.1866851 1.1614882 0 P 0
L 2.1866851 1.1614882 2.1866851 1.2285039 0 P 0
L 2.2040551 1.3639766 2.2040551 1.7340551 2 P 0
L 2.2081496 2.4115354 2.2081496 2.4784646 1 P 0
L 2.2081496 2.4948687 2.2081496 2.5617979 1 P 0
L 2.2081496 2.578202 2.2081496 2.6451312 1 P 0
L 2.2081496 2.6715354 2.2081496 2.7384646 1 P 0
